1500 0.00410784
1501 0.00411207
1502 0.0041163
1503 0.00412054
1504 0.00412477
1505 0.00413046
1506 0.00414031
1507 0.00415015
1508 0.00415999
1509 0.00416983
1510 0.00417968
1511 0.00418952
1512 0.00419936
1513 0.00421891
1514 0.0042403
1515 0.00426169
1516 0.00428309
1517 0.00430448
1518 0.00432587
1519 0.00434727
1520 0.00437231
1521 0.00440221
1522 0.0044321
1523 0.00446199
1524 0.00449188
1525 0.00452178
1526 0.00455167
1527 0.00458156
1528 0.00461146
1529 0.00464135
1530 0.00467124
1531 0.00470113
1532 0.00473102
1533 0.00476091
1534 0.0047908
1535 0.00481538
1536 0.00483656
1537 0.00485774
1538 0.00487892
1539 0.0049001
1540 0.00492128
1541 0.00494246
1542 0.00496115
1543 0.0049692
1544 0.00497725
1545 0.0049853
1546 0.00499336
1547 0.00500141
1548 0.00500946
1549 0.00501751
1550 0.0050162
1551 0.00501226
1552 0.00500831
1553 0.00500436
1554 0.00500042
1555 0.00499647
1556 0.00499252
1557 0.00498603
1558 0.00497522
1559 0.00496441
1560 0.0049536
1561 0.00494278
1562 0.00493197
1563 0.00492116
1564 0.00491034
1565 0.0048982
1566 0.00488599
1567 0.00487378
1568 0.00486157
1569 0.00484936
1570 0.00483715
1571 0.00482494
1572 0.00481329
1573 0.00480211
1574 0.00479093
1575 0.00477974
1576 0.00476856
1577 0.00475738
1578 0.0047462
1579 0.00473486
1580 0.00472246
1581 0.00471005
1582 0.00469765
1583 0.00468524
1584 0.00467284
1585 0.00466043
1586 0.00464803
1587 0.00463037
1588 0.00461067
1589 0.00459097
1590 0.00457127
1591 0.00455157
1592 0.00453187
1593 0.00451217
1594 0.00448808
1595 0.00445373
1596 0.00441938
1597 0.00438503
1598 0.00435069
1599 0.00431634
1600 0.00428199
1601 0.00424764
1602 0.00419544
1603 0.00414104
1604 0.00408663
1605 0.00403223
1606 0.00397782
1607 0.00392342
1608 0.00386901
1609 0.00380431
1610 0.00372846
1611 0.0036526
1612 0.00357675
1613 0.00350089
1614 0.00342504
1615 0.00334918
1616 0.00327207
1617 0.00317819
1618 0.00308432
1619 0.00299044
1620 0.00289657
1621 0.00280269
1622 0.00270882
1623 0.00261494
1624 0.00251395
1625 0.00240912
1626 0.00230429
1627 0.00219946
1628 0.00209463
1629 0.00198981
1630 0.00188498
1631 0.00177996
1632 0.00167433
1633 0.0015687
1634 0.00146307
1635 0.00135744
1636 0.00125181
1637 0.00114618
1638 0.00104056
1639 0.000943786
1640 0.00084883
1641 0.000753874
1642 0.000658917
1643 0.000563961
1644 0.000469005
1645 0.000374049
1646 0.000288625
1647 0.000216363
1648 0.000144101
1649 7.18394e-05
1650 -4.2242e-07
1651 -7.26843e-05
1652 -0.000144946
1653 -0.000217208
1654 -0.000255619
1655 -0.000294029
1656 -0.00033244
1657 -0.00037085
1658 -0.000409261
1659 -0.000447671
1660 -0.000486082
1661 -0.000498985
1662 -0.000494163
1663 -0.000489342
1664 -0.00048452
1665 -0.000479698
1666 -0.000474877
1667 -0.000470055
1668 -0.000456538
1669 -0.000403411
1670 -0.000350284
1671 -0.000297156
1672 -0.000244029
1673 -0.000190902
1674 -0.000137775
1675 -8.46473e-05
1676 4.44737e-06
1677 0.000104286
1678 0.000204124
1679 0.000303962
1680 0.0004038
1681 0.000503638
1682 0.000603476
1683 0.000716418
1684 0.000853696
1685 0.000990973
1686 0.00112825
1687 0.00126553
1688 0.00140281
1689 0.00154008
1690 0.00167736
1691 0.0018334
1692 0.00199064
1693 0.00214787
1694 0.00230511
1695 0.00246234
1696 0.00261958
1697 0.00277682
1698 0.00293268
1699 0.00308733
1700 0.00324198
1701 0.00339664
1702 0.00355129
1703 0.00370594
1704 0.00386059
1705 0.00401213
1706 0.00414086
1707 0.00426959
1708 0.00439832
1709 0.00452705
1710 0.00465578
1711 0.00478451
1712 0.00491324
1713 0.00501115
1714 0.00509585
1715 0.00518055
1716 0.00526525
1717 0.00534995
1718 0.00543465
1719 0.00551935
1720 0.00558853
1721 0.00561971
1722 0.00565089
1723 0.00568206
1724 0.00571324
1725 0.00574441
1726 0.00577559
1727 0.00580677
1728 0.00579258
1729 0.0057722
1730 0.00575182
1731 0.00573145
1732 0.00571107
1733 0.00569069
1734 0.00567032
1735 0.00563164
1736 0.00557234
1737 0.00551303
1738 0.00545373
1739 0.00539442
1740 0.00533512
1741 0.00527581
1742 0.00521554
1743 0.00513698
1744 0.00505841
1745 0.00497985
1746 0.00490129
1747 0.00482272
1748 0.00474416
1749 0.00466559
1750 0.00458903
1751 0.00451361
1752 0.00443818
1753 0.00436275
1754 0.00428733
1755 0.0042119
1756 0.00413647
1757 0.00406631
1758 0.00401375
1759 0.00396119
1760 0.00390863
1761 0.00385608
1762 0.00380352
1763 0.00375096
1764 0.00369841
1765 0.00367522
1766 0.00365848
1767 0.00364173
1768 0.00362499
1769 0.00360825
1770 0.00359151
1771 0.00357477
1772 0.0035737
1773 0.00359614
1774 0.00361857
1775 0.00364101
1776 0.00366344
1777 0.00368588
1778 0.00370832
1779 0.00373075
1780 0.00378514
1781 0.00383985
1782 0.00389456
1783 0.00394928
1784 0.00400399
1785 0.0040587
1786 0.00411341
1787 0.00417756
1788 0.00424856
1789 0.00431956
1790 0.00439056
1791 0.00446155
1792 0.00453255
1793 0.00460355
1794 0.00467361
1795 0.00473911
1796 0.00480462
1797 0.00487012
1798 0.00493562
1799 0.00500112
1800 0.00506663
1801 0.00513213
1802 0.00517702
1803 0.00521504
1804 0.00525306
1805 0.00529108
1806 0.0053291
1807 0.00536712
1808 0.00540515
1809 0.00542823
1810 0.00542234
1811 0.00541644
1812 0.00541054
1813 0.00540464
1814 0.00539874
1815 0.00539284
1816 0.00538694
1817 0.00533582
1818 0.00528129
1819 0.00522677
1820 0.00517224
1821 0.00511772
1822 0.00506319
1823 0.00500867
1824 0.00493432
1825 0.00484168
1826 0.00474905
1827 0.00465641
1828 0.00456377
1829 0.00447113
1830 0.00437849
1831 0.00428449
1832 0.00417825
1833 0.00407202
1834 0.00396578
1835 0.00385954
1836 0.0037533
1837 0.00364706
1838 0.00354082
1839 0.00344843
1840 0.00336227
1841 0.00327611
1842 0.00318995
1843 0.00310379
1844 0.00301762
1845 0.00293146
1846 0.00286013
1847 0.00282693
1848 0.00279374
1849 0.00276054
1850 0.00272735
1851 0.00269415
1852 0.00266096
1853 0.00262776
1854 0.0026594
1855 0.00270073
1856 0.00274207
1857 0.0027834
1858 0.00282473
1859 0.00286606
1860 0.00290739
1861 0.00298332
1862 0.00310152
1863 0.00321972
1864 0.00333793
1865 0.00345613
1866 0.00357433
1867 0.00369254
1868 0.00381303
1869 0.00398845
1870 0.00416388
1871 0.0043393
1872 0.00451473
1873 0.00469015
1874 0.00486557
1875 0.005041
1876 0.00522927
1877 0.00542509
1878 0.00562091
1879 0.00581673
1880 0.00601256
1881 0.00620838
1882 0.0064042
1883 0.00659484
1884 0.00676714
1885 0.00693944
1886 0.00711174
1887 0.00728404
1888 0.00745634
1889 0.00762863
1890 0.00780093
1891 0.00792446
1892 0.00803579
1893 0.00814712
1894 0.00825845
1895 0.00836978
1896 0.00848111
1897 0.00859244
1898 0.00867145
1899 0.00869993
1900 0.00872841
1901 0.00875688
1902 0.00878536
1903 0.00881384
1904 0.00884231
1905 0.00887079
1906 0.00881741
1907 0.00876237
1908 0.00870732
1909 0.00865228
1910 0.00859723
1911 0.00854218
1912 0.00848714
1913 0.0083949
1914 0.00827461
1915 0.00815432
1916 0.00803402
1917 0.00791373
1918 0.00779344
1919 0.00767314
1920 0.00754741
1921 0.00739083
1922 0.00723426
1923 0.00707768
1924 0.00692111
1925 0.00676453
1926 0.00660796
1927 0.00645138
1928 0.00629098
1929 0.00612924
1930 0.0059675
1931 0.00580576
1932 0.00564402
1933 0.00548228
1934 0.00532054
1935 0.00516535
1936 0.00502347
1937 0.0048816
1938 0.00473972
1939 0.00459784
1940 0.00445596
1941 0.00431409
1942 0.00417221
1943 0.00406327
1944 0.00395719
1945 0.00385112
1946 0.00374504
1947 0.00363896
1948 0.00353289
1949 0.00342681
1950 0.00334228
1951 0.00327929
1952 0.0032163
1953 0.00315331
1954 0.00309032
1955 0.00302733
1956 0.00296434
1957 0.00290548
1958 0.00288834
1959 0.0028712
1960 0.00285406
1961 0.00283693
1962 0.00281979
1963 0.00280265
1964 0.00278551
1965 0.00279985
1966 0.002829
1967 0.00285816
1968 0.00288731
1969 0.00291646
1970 0.00294561
1971 0.00297476
1972 0.003016
1973 0.0030899
1974 0.00316381
1975 0.00323771
1976 0.00331162
1977 0.00338552
1978 0.00345943
1979 0.00353334
1980 0.00364083
1981 0.00375426
1982 0.00386768
1983 0.00398111
1984 0.00409453
1985 0.00420796
1986 0.00432138
1987 0.00444683
1988 0.00458759
1989 0.00472835
1990 0.00486911
1991 0.00500987
1992 0.00515063
1993 0.0052914
1994 0.0054324
1995 0.00558114
1996 0.00572989
1997 0.00587864
1998 0.00602738
1999 0.00617613
2000 0.00632487
2001 0.00647362
2002 0.00661266
2003 0.00674575
2004 0.00687883
2005 0.00701192
2006 0.00714501
2007 0.00727809
2008 0.00741118
2009 0.007537
2010 0.00763373
2011 0.00773047
2012 0.00782721
2013 0.00792395
2014 0.00802069
2015 0.00811742
2016 0.00821416
2017 0.00827319
2018 0.0083222
2019 0.00837121
2020 0.00842022
2021 0.00846923
2022 0.00851823
2023 0.00856724
2024 0.00859945
2025 0.00860426
2026 0.00860907
2027 0.00861388
2028 0.00861868
2029 0.00862349
2030 0.0086283
2031 0.00863311
2032 0.00861256
2033 0.00859123
2034 0.0085699
2035 0.00854857
2036 0.00852724
2037 0.00850591
2038 0.00848458
2039 0.0084636
2040 0.00844292
2041 0.00842224
2042 0.00840156
2043 0.00838087
2044 0.00836019
2045 0.00833951
2046 0.00832267
2047 0.00832945
2048 0.00833623
2049 0.00834301
2050 0.00834979
2051 0.00835656
2052 0.00836334
2053 0.00837012
2054 0.0084104
2055 0.00846307
2056 0.00851574
2057 0.0085684
2058 0.00862107
2059 0.00867374
2060 0.00872641
2061 0.00879556
2062 0.00889973
2063 0.0090039
2064 0.00910807
2065 0.00921224
2066 0.0093164
2067 0.00942057
2068 0.00952474
2069 0.00967007
2070 0.00981998
2071 0.00996988
2072 0.0101198
2073 0.0102697
2074 0.0104196
2075 0.0105695
2076 0.0107353
2077 0.0109176
2078 0.0110999
2079 0.0112821
2080 0.0114644
2081 0.0116467
2082 0.011829
2083 0.0120127
2084 0.0122121
2085 0.0124116
2086 0.012611
2087 0.0128104
2088 0.0130099
2089 0.0132093
2090 0.0134088
2091 0.0136096
2092 0.0138111
2093 0.0140126
2094 0.0142141
2095 0.0144156
2096 0.0146171
2097 0.0148186
2098 0.0150168
2099 0.0152053
2100 0.0153937
2101 0.0155822
2102 0.0157706
2103 0.015959
2104 0.0161475
2105 0.0163359
2106 0.0164965
2107 0.0166518
2108 0.0168071
2109 0.0169623
2110 0.0171176
2111 0.0172729
2112 0.0174282
2113 0.0175581
2114 0.0176543
2115 0.0177505
2116 0.0178467
2117 0.017943
2118 0.0180392
2119 0.0181354
2120 0.0182308
2121 0.0182399
2122 0.0182489
2123 0.018258
2124 0.0182671
2125 0.0182761
2126 0.0182852
2127 0.0182943
2128 0.0182378
2129 0.0181376
2130 0.0180374
2131 0.0179371
2132 0.0178369
2133 0.0177367
2134 0.0176365
2135 0.0175149
2136 0.017302
2137 0.017089
2138 0.0168761
2139 0.0166632
2140 0.0164502
2141 0.0162373
2142 0.0160243
2143 0.015743
2144 0.0154425
2145 0.0151419
2146 0.0148413
2147 0.0145407
2148 0.0142401
2149 0.0139395
2150 0.0136267
2151 0.0132922
2152 0.0129577
2153 0.0126231
2154 0.0122886
2155 0.011954
2156 0.0116195
2157 0.0112849
2158 0.0109901
2159 0.0106973
2160 0.0104045
2161 0.0101117
2162 0.00981893
2163 0.00952614
2164 0.00923336
2165 0.00900544
2166 0.00883279
2167 0.00866014
2168 0.00848749
2169 0.00831483
2170 0.00814218
2171 0.00796953
2172 0.00782043
2173 0.00782897
2174 0.00783751
2175 0.00784605
2176 0.00785459
2177 0.00786313
2178 0.00787167
2179 0.00788021
2180 0.00803725
2181 0.00825495
2182 0.00847264
2183 0.00869034
2184 0.00890804
2185 0.00912574
2186 0.00934343
2187 0.00962049
2188 0.0100361
2189 0.0104516
2190 0.0108672
2191 0.0112828
2192 0.0116983
2193 0.0121139
2194 0.0125295
2195 0.0130796
2196 0.0136464
2197 0.0142131
2198 0.0147799
2199 0.0153466
2200 0.0159134
2201 0.0164802
2202 0.0170842
2203 0.0177287
2204 0.0183733
2205 0.0190178
2206 0.0196623
2207 0.0203068
2208 0.0209513
2209 0.0215952
2210 0.0222303
2211 0.0228653
2212 0.0235004
2213 0.0241354
2214 0.0247705
2215 0.0254055
2216 0.0260406
2217 0.0266043
2218 0.0271298
2219 0.0276552
2220 0.0281806
2221 0.0287061
2222 0.0292315
2223 0.0297569
2224 0.0302309
2225 0.0305418
2226 0.0308526
2227 0.0311635
2228 0.0314744
2229 0.0317853
2230 0.0320962
2231 0.0324071
2232 0.0324562
2233 0.0324518
2234 0.0324474
2235 0.032443
2236 0.0324386
2237 0.0324342
2238 0.0324297
2239 0.0322654
2240 0.0318711
2241 0.0314767
2242 0.0310823
2243 0.0306879
2244 0.0302935
2245 0.0298991
2246 0.0295047
2247 0.0287068
2248 0.0279089
2249 0.0271109
2250 0.026313
2251 0.025515
2252 0.0247171
2253 0.0239191
2254 0.0229339
2255 0.0218184
2256 0.020703
2257 0.0195876
2258 0.0184721
2259 0.0173567
2260 0.0162413
2261 0.0151066
2262 0.0138842
2263 0.0126618
2264 0.0114394
2265 0.010217
2266 0.00899462
2267 0.00777222
2268 0.00654983
2269 0.00548507
2270 0.00447009
2271 0.0034551
2272 0.00244012
2273 0.00142514
2274 0.000410156
2275 -0.000604826
2276 -0.00141968
2277 -0.00186287
2278 -0.00230606
2279 -0.00274924
2280 -0.00319243
2281 -0.00363562
2282 -0.00407881
2283 -0.004522
2284 -0.00414404
2285 -0.00371367
2286 -0.0032833
2287 -0.00285294
2288 -0.00242257
2289 -0.0019922
2290 -0.00156183
2291 -0.000603816
2292 0.000822113
2293 0.00224804
2294 0.00367397
2295 0.0050999
2296 0.00652583
2297 0.00795176
2298 0.009473
2299 0.0117654
2300 0.0140578
2301 0.0163502
2302 0.0186426
2303 0.020935
2304 0.0232273
2305 0.0255197
2306 0.0281491
2307 0.0309229
2308 0.0336966
2309 0.0364704
2310 0.0392442
2311 0.0420179
2312 0.0447917
2313 0.0475553
2314 0.0502939
2315 0.0530325
2316 0.0557712
2317 0.0585098
2318 0.0612484
2319 0.063987
2320 0.0667257
2321 0.0690435
2322 0.0713039
2323 0.0735643
2324 0.0758247
2325 0.0780851
2326 0.0803455
2327 0.0826059
2328 0.0845921
2329 0.0862564
2330 0.0879207
2331 0.089585
2332 0.0912494
2333 0.0929137
2334 0.094578
2335 0.0962308
2336 0.097664
2337 0.0990972
2338 0.10053
2339 0.101964
2340 0.103397
2341 0.10483
2342 0.106263
2343 0.108111
2344 0.110193
2345 0.112275
2346 0.114356
2347 0.116438
2348 0.11852
2349 0.120601
2350 0.123108
2351 0.127036
2352 0.130964
2353 0.134892
2354 0.138821
2355 0.142749
2356 0.146677
2357 0.150605
2358 0.15697
2359 0.163905
2360 0.17084
2361 0.177776
2362 0.184711
2363 0.191647
2364 0.198582
2365 0.20697
2366 0.217534
2367 0.228099
2368 0.238664
2369 0.249229
2370 0.259794
2371 0.270359
2372 0.280924
2373 0.294781
2374 0.308672
2375 0.322562
2376 0.336453
2377 0.350344
2378 0.364234
2379 0.378125
2380 0.393108
2381 0.408882
2382 0.424656
2383 0.440429
2384 0.456203
2385 0.471977
2386 0.487751
2387 0.50345
2388 0.518758
2389 0.534065
2390 0.549373
2391 0.56468
2392 0.579988
2393 0.595295
2394 0.610603
2395 0.623392
2396 0.635341
2397 0.647291
2398 0.65924
2399 0.671189
2400 0.683139
2401 0.695088
2402 0.705007
2403 0.710984
2404 0.716962
2405 0.722939
2406 0.728916
2407 0.734894
2408 0.740871
2409 0.746848
2410 0.745803
2411 0.744229
2412 0.742655
2413 0.741081
2414 0.739506
2415 0.737932
2416 0.736358
2417 0.730947
2418 0.721849
2419 0.71275
2420 0.703652
2421 0.694554
2422 0.685455
2423 0.676357
2424 0.666689
2425 0.651895
2426 0.637102
2427 0.622308
2428 0.607514
2429 0.59272
2430 0.577926
2431 0.563132
2432 0.546695
2433 0.52952
2434 0.512344
2435 0.495168
2436 0.477993
2437 0.460817
2438 0.443642
2439 0.42694
2440 0.411458
2441 0.395976
2442 0.380494
2443 0.365011
2444 0.349529
2445 0.334047
2446 0.318565
2447 0.307769
2448 0.297737
2449 0.287704
2450 0.277672
2451 0.267639
2452 0.257607
2453 0.247574
2454 0.24116
2455 0.239166
2456 0.237173
2457 0.235179
2458 0.233186
2459 0.231192
2460 0.229199
2461 0.227553
2462 0.234262
2463 0.24097
2464 0.247679
2465 0.254388
2466 0.261096
2467 0.267805
2468 0.274513
2469 0.285793
2470 0.299756
2471 0.31372
2472 0.327684
2473 0.341648
2474 0.355612
2475 0.369576
2476 0.384407
2477 0.4025
2478 0.420593
2479 0.438687
2480 0.45678
2481 0.474874
2482 0.492967
2483 0.511061
2484 0.529158
2485 0.547256
2486 0.565355
2487 0.583453
2488 0.601551
2489 0.61965
2490 0.637748
2491 0.654271
2492 0.668331
2493 0.682391
2494 0.696451
2495 0.710511
2496 0.724571
2497 0.738631
2498 0.752691
2499 0.759805
2500 0.766778
2501 0.773751
2502 0.780724
2503 0.787697
2504 0.794671
2505 0.801644
2506 0.803874
2507 0.802378
2508 0.800883
2509 0.799387
2510 0.797891
2511 0.796396
2512 0.7949
2513 0.792196
2514 0.782645
2515 0.773093
2516 0.763542
2517 0.75399
2518 0.744439
2519 0.734888
2520 0.725336
2521 0.711282
2522 0.695646
2523 0.68001
2524 0.664374
2525 0.648738
2526 0.633102
2527 0.617466
2528 0.600789
2529 0.581999
2530 0.563208
2531 0.544418
2532 0.525627
2533 0.506837
2534 0.488047
2535 0.469256
2536 0.450352
2537 0.431436
2538 0.41252
2539 0.393605
2540 0.374689
2541 0.355773
2542 0.336857
2543 0.319174
2544 0.302722
2545 0.286271
2546 0.269819
2547 0.253367
2548 0.236916
2549 0.220464
2550 0.204378
2551 0.191983
2552 0.179588
2553 0.167193
2554 0.154798
2555 0.142403
2556 0.130008
2557 0.117613
2558 0.108307
2559 0.100455
2560 0.0926029
2561 0.0847509
2562 0.0768988
2563 0.0690467
2564 0.0611947
2565 0.0543903
2566 0.0505677
2567 0.0467451
2568 0.0429225
2569 0.0390999
2570 0.0352773
2571 0.0314547
2572 0.0276321
2573 0.0262967
2574 0.0254003
2575 0.0245039
2576 0.0236074
2577 0.022711
2578 0.0218145
2579 0.0209181
2580 0.0207277
2581 0.021436
2582 0.0221443
2583 0.0228526
2584 0.0235609
2585 0.0242692
2586 0.0249775
2587 0.0256988
2588 0.0268408
2589 0.0279828
2590 0.0291247
2591 0.0302667
2592 0.0314087
2593 0.0325506
2594 0.0336926
2595 0.034617
2596 0.0354022
2597 0.0361874
2598 0.0369726
2599 0.0377578
2600 0.0385431
2601 0.0393283
2602 0.0399713
2603 0.0400457
2604 0.0401201
2605 0.0401944
2606 0.0402688
2607 0.0403432
2608 0.0404175
2609 0.0404919
2610 0.040021
2611 0.0394051
2612 0.0387893
2613 0.0381734
2614 0.0375576
2615 0.0369417
2616 0.0363259
2617 0.0355437
2618 0.0344899
2619 0.0334362
2620 0.0323824
2621 0.0313287
2622 0.0302749
2623 0.0292212
2624 0.0281675
2625 0.0270035
2626 0.0258349
2627 0.0246663
2628 0.0234977
2629 0.0223291
2630 0.0211605
2631 0.0199919
2632 0.0189154
2633 0.0179143
2634 0.0169133
2635 0.0159122
2636 0.0149111
2637 0.01391
2638 0.012909
2639 0.0119557
2640 0.0112963
2641 0.0106369
2642 0.00997745
2643 0.00931803
2644 0.00865861
2645 0.00799918
2646 0.00733976
2647 0.00696574
2648 0.00670271
2649 0.00643967
2650 0.00617664
2651 0.00591361
2652 0.00565057
2653 0.00538754
2654 0.00523691
2655 0.00533645
2656 0.00543599
2657 0.00553553
2658 0.00563507
2659 0.00573461
2660 0.00583415
2661 0.00593369
2662 0.00627949
2663 0.00665265
2664 0.00702581
2665 0.00739898
2666 0.00777214
2667 0.00814531
2668 0.00851847
2669 0.00897059
2670 0.00950491
2671 0.0100392
2672 0.0105735
2673 0.0111078
2674 0.0116422
2675 0.0121765
2676 0.0127141
2677 0.0132959
2678 0.0138777
2679 0.0144595
2680 0.0150413
2681 0.015623
2682 0.0162048
2683 0.0167866
2684 0.0173277
2685 0.0178478
2686 0.0183679
2687 0.0188879
2688 0.019408
2689 0.0199281
2690 0.0204482
2691 0.0209292
2692 0.0212931
2693 0.0216569
2694 0.0220207
2695 0.0223845
2696 0.0227483
2697 0.0231122
2698 0.023476
2699 0.0236487
2700 0.023785
2701 0.0239213
2702 0.0240577
2703 0.024194
2704 0.0243303
2705 0.0244666
2706 0.0244927
2707 0.0243665
2708 0.0242403
2709 0.0241142
2710 0.023988
2711 0.0238618
2712 0.0237357
2713 0.023607
2714 0.023229
2715 0.022851
2716 0.0224729
2717 0.0220949
2718 0.0217169
2719 0.0213389
2720 0.0209609
2721 0.0204673
2722 0.0198968
2723 0.0193262
2724 0.0187557
2725 0.0181851
2726 0.0176146
2727 0.017044
2728 0.0164557
2729 0.0157914
2730 0.0151271
2731 0.0144629
2732 0.0137986
2733 0.0131343
2734 0.0124701
2735 0.0118058
2736 0.0111565
2737 0.0105116
2738 0.0098668
2739 0.00922195
2740 0.0085771
2741 0.00793226
2742 0.00728741
2743 0.00668748
2744 0.0061674
2745 0.00564732
2746 0.00512725
2747 0.00460717
2748 0.00408709
2749 0.00356701
2750 0.00304693
2751 0.00271113
2752 0.00238503
2753 0.00205892
2754 0.00173282
2755 0.00140672
2756 0.00108061
2757 0.00075451
2758 0.00054398
2759 0.000431902
2760 0.000319823
2761 0.000207745
2762 9.56671e-05
2763 -1.6411e-05
2764 -0.000128489
2765 -0.000218354
2766 -0.000145324
2767 -7.22945e-05
2768 7.35474e-07
2769 7.37654e-05
2770 0.000146795
2771 0.000219825
2772 0.000292855
2773 0.000452775
2774 0.000648184
2775 0.000843594
2776 0.001039
2777 0.00123441
2778 0.00142982
2779 0.00162523
2780 0.00183476
2781 0.00207722
2782 0.00231968
2783 0.00256214
2784 0.0028046
2785 0.00304705
2786 0.00328951
2787 0.00353197
2788 0.003757
2789 0.00397986
2790 0.00420273
2791 0.00442559
2792 0.00464846
2793 0.00487132
2794 0.00509419
2795 0.0052879
2796 0.00544873
2797 0.00560957
2798 0.0057704
2799 0.00593124
2800 0.00609207
2801 0.00625291
2802 0.00640906
2803 0.0064919
2804 0.00657475
2805 0.00665759
2806 0.00674044
2807 0.00682328
2808 0.00690613
2809 0.00698897
2810 0.00702544
2811 0.00703692
2812 0.00704841
2813 0.0070599
2814 0.00707139
2815 0.00708287
2816 0.00709436
2817 0.00709325
2818 0.00705225
2819 0.00701125
2820 0.00697025
2821 0.00692924
2822 0.00688824
2823 0.00684724
2824 0.00680624
2825 0.00673928
2826 0.00666663
2827 0.00659399
2828 0.00652134
2829 0.00644869
2830 0.00637604
2831 0.00630339
2832 0.00622467
2833 0.00613723
2834 0.00604979
2835 0.00596235
2836 0.0058749
2837 0.00578746
2838 0.00570002
2839 0.00561257
2840 0.00552155
2841 0.00543052
2842 0.00533949
2843 0.00524846
2844 0.00515743
2845 0.0050664
2846 0.00497537
2847 0.00488679
2848 0.00479993
2849 0.00471306
2850 0.0046262
2851 0.00453933
2852 0.00445247
2853 0.0043656
2854 0.00428057
2855 0.00420449
2856 0.00412842
2857 0.00405234
2858 0.00397626
2859 0.00390018
2860 0.0038241
2861 0.00374802
2862 0.00368578
2863 0.00362791
2864 0.00357004
2865 0.00351216
2866 0.00345429
2867 0.00339642
2868 0.00333855
2869 0.00328932
2870 0.00325614
2871 0.00322295
2872 0.00318977
2873 0.00315659
2874 0.00312341
2875 0.00309023
2876 0.00305705
2877 0.00304971
2878 0.00304402
2879 0.00303834
2880 0.00303265
2881 0.00302696
2882 0.00302128
2883 0.00301559
2884 0.00302237
2885 0.00304066
2886 0.00305896
2887 0.00307725
2888 0.00309554
2889 0.00311383
2890 0.00313212
2891 0.00315191
2892 0.00318386
2893 0.0032158
2894 0.00324775
2895 0.00327969
2896 0.00331164
2897 0.00334358
2898 0.00337552
2899 0.00340662
2900 0.00343736
2901 0.0034681
2902 0.00349884
2903 0.00352958
2904 0.00356032
2905 0.00359106
2906 0.0036171
2907 0.00363163
2908 0.00364616
2909 0.0036607
2910 0.00367523
2911 0.00368976
2912 0.00370429
2913 0.00371882
2914 0.00371031
2915 0.00369836
2916 0.0036864
2917 0.00367445
2918 0.0036625
2919 0.00365054
2920 0.00363859
2921 0.00361333
2922 0.00357246
2923 0.00353159
2924 0.00349072
2925 0.00344985
2926 0.00340897
2927 0.0033681
2928 0.00332608
2929 0.0032623
2930 0.00319851
2931 0.00313473
2932 0.00307094
2933 0.00300715
2934 0.00294337
2935 0.00287958
2936 0.002809
2937 0.0027346
2938 0.0026602
2939 0.0025858
2940 0.0025114
2941 0.002437
2942 0.0023626
2943 0.00228901
2944 0.00221828
2945 0.00214756
2946 0.00207683
2947 0.00200611
2948 0.00193538
2949 0.00186466
2950 0.00179393
2951 0.00173659
2952 0.0016824
2953 0.0016282
2954 0.001574
2955 0.00151981
2956 0.00146561
2957 0.00141141
2958 0.00136709
2959 0.00133757
2960 0.00130805
2961 0.00127853
2962 0.00124901
2963 0.00121949
2964 0.00118997
2965 0.00116046
2966 0.00115775
2967 0.00115532
2968 0.00115289
2969 0.00115046
2970 0.00114803
2971 0.0011456
2972 0.00114317
2973 0.00115452
2974 0.00117626
2975 0.001198
2976 0.00121974
2977 0.00124148
2978 0.00126322
2979 0.00128496
2980 0.00130946
2981 0.00134846
2982 0.00138746
2983 0.00142645
2984 0.00146545
2985 0.00150444
2986 0.00154344
2987 0.00158244
2988 0.00162734
2989 0.00167422
2990 0.0017211
2991 0.00176797
2992 0.00181485
2993 0.00186172
2994 0.0019086
2995 0.00195462
2996 0.00199898
2997 0.00204333
2998 0.00208769
2999 0.00213204
3000 0.0021764
3001 0.00222075
3002 0.00226511
3003 0.00229816
3004 0.00233024
3005 0.00236231
3006 0.00239439
3007 0.00242646
3008 0.00245854
3009 0.00249061
3010 0.00251239
3011 0.00252427
3012 0.00253615
3013 0.00254803
3014 0.00255991
3015 0.00257179
3016 0.00258367
3017 0.00259311
3018 0.00258059
3019 0.00256807
3020 0.00255555
3021 0.00254304
3022 0.00253052
3023 0.002518
3024 0.00250548
3025 0.00247671
3026 0.00244064
3027 0.00240456
3028 0.00236849
3029 0.00233241
3030 0.00229634
3031 0.00226027
3032 0.00221948
3033 0.00216597
3034 0.00211246
3035 0.00205895
3036 0.00200543
3037 0.00195192
3038 0.00189841
3039 0.0018449
3040 0.00178559
3041 0.00172534
3042 0.00166508
3043 0.00160483
3044 0.00154458
3045 0.00148433
3046 0.00142408
3047 0.00136645
3048 0.00131204
3049 0.00125763
3050 0.00120321
3051 0.0011488
3052 0.00109439
3053 0.00103997
3054 0.000986238
3055 0.000948825
3056 0.000911411
3057 0.000873998
3058 0.000836584
3059 0.00079917
3060 0.000761757
3061 0.000724343
3062 0.000701368
3063 0.000687241
3064 0.000673115
3065 0.000658989
3066 0.000644862
3067 0.000630736
3068 0.00061661
3069 0.000607333
3070 0.000616302
3071 0.00062527
3072 0.000634238
3073 0.000643206
3074 0.000652175
3075 0.000661143
3076 0.000670111
3077 0.000692201
3078 0.000717571
3079 0.00074294
3080 0.00076831
3081 0.00079368
3082 0.00081905
3083 0.000844419
3084 0.000871932
3085 0.000902796
3086 0.00093366
3087 0.000964524
3088 0.000995389
3089 0.00102625
3090 0.00105712
3091 0.00108798
3092 0.00111309
3093 0.00113803
3094 0.00116297
3095 0.0011879
3096 0.00121284
3097 0.00123777
3098 0.00126271
3099 0.00127949
3100 0.00128985
3101 0.00130022
3102 0.00131058
3103 0.00132095
3104 0.00133132
3105 0.00134168
3106 0.00134936
3107 0.00134178
3108 0.0013342
3109 0.00132663
3110 0.00131905
3111 0.00131147
3112 0.0013039
3113 0.00129632
3114 0.00127713
3115 0.00125386
3116 0.00123058
3117 0.00120731
3118 0.00118404
3119 0.00116077
3120 0.0011375
3121 0.00111121
3122 0.00107852
3123 0.00104583
3124 0.00101314
3125 0.000980444
3126 0.000947753
3127 0.000915061
3128 0.000882369
3129 0.000848296
3130 0.000814086
3131 0.000779877
3132 0.000745667
3133 0.000711457
3134 0.000677248
3135 0.000643038
3136 0.000611471
3137 0.000582548
3138 0.000553624
3139 0.000524701
3140 0.000495777
3141 0.000466854
3142 0.000437931
3143 0.000409736
3144 0.000389922
3145 0.000370109
3146 0.000350295
3147 0.000330482
3148 0.000310668
3149 0.000290855
3150 0.000271041
3151 0.000257718
3152 0.000247592
3153 0.000237465
3154 0.000227338
3155 0.000217212
3156 0.000207085
3157 0.000196959
3158 0.000188809
3159 0.000186286
3160 0.000183762
3161 0.000181239
3162 0.000178716
3163 0.000176192
3164 0.000173669
3165 0.000171146
3166 0.000172209
3167 0.000173905
3168 0.000175602
3169 0.000177298
3170 0.000178994
3171 0.000180691
3172 0.000182387
3173 0.000184477
3174 0.00018709
3175 0.000189702
3176 0.000192315
3177 0.000194928
3178 0.00019754
3179 0.000200153
3180 0.000202736
3181 0.00020391
3182 0.000205084
3183 0.000206258
3184 0.000207431
3185 0.000208605
3186 0.000209779
3187 0.000210952
3188 0.000210566
3189 0.000209183
3190 0.000207799
3191 0.000206415
3192 0.000205032
3193 0.000203648
3194 0.000202265
3195 0.000200353
3196 0.00019633
3197 0.000192306
3198 0.000188282
3199 0.000184258
3200 0.000180235
3201 0.000176211
3202 0.000172187
3203 0.000166521
3204 0.000160391
3205 0.000154261
3206 0.000148131
3207 0.000142001
3208 0.000135871
3209 0.000129741
3210 0.000123126
3211 0.000115686
3212 0.000108246
3213 0.000100806
3214 9.33658e-05
3215 8.59258e-05
3216 7.84857e-05
3217 7.10456e-05
3218 6.31806e-05
3219 5.52979e-05
3220 4.74151e-05
3221 3.95324e-05
3222 3.16497e-05
3223 2.3767e-05
3224 1.58842e-05
3225 8.21304e-06
3226 7.14925e-07
3227 -6.78319e-06
3228 -1.42813e-05
3229 -2.17794e-05
3230 -2.92775e-05
3231 -3.67756e-05
3232 -4.41296e-05
3233 -5.05188e-05
3234 -5.6908e-05
3235 -6.32972e-05
3236 -6.96864e-05
3237 -7.60756e-05
3238 -8.24648e-05
3239 -8.8854e-05
3240 -9.40356e-05
3241 -9.87474e-05
3242 -0.000103459
3243 -0.000108171
3244 -0.000112883
3245 -0.000117595
3246 -0.000122307
3247 -0.000126419
3248 -0.000129195
3249 -0.000131971
3250 -0.000134748
3251 -0.000137524
3252 -0.000140301
3253 -0.000143077
3254 -0.000145853
3255 -0.000146983
3256 -0.00014793
3257 -0.000148877
3258 -0.000149824
3259 -0.000150771
3260 -0.000151719
3261 -0.000152666
3262 -0.000152955
3263 -0.000152533
3264 -0.000152111
3265 -0.000151689
3266 -0.000151267
3267 -0.000150845
3268 -0.000150423
3269 -0.000149948
3270 -0.000148774
3271 -0.0001476
3272 -0.000146426
3273 -0.000145253
3274 -0.000144079
3275 -0.000142905
3276 -0.000141731
3277 -0.000140435
3278 -0.000139075
3279 -0.000137715
3280 -0.000136355
3281 -0.000134995
3282 -0.000133636
3283 -0.000132276
3284 -0.000130942
3285 -0.000129687
3286 -0.000128431
3287 -0.000127176
3288 -0.00012592
3289 -0.000124664
3290 -0.000123409
3291 -0.000122153
3292 -0.000120952
3293 -0.000119762
3294 -0.000118571
3295 -0.000117381
3296 -0.00011619
3297 -0.000115
3298 -0.000113809
3299 -0.000112523
3300 -0.000111103
3301 -0.000109684
3302 -0.000108265
3303 -0.000106845
3304 -0.000105426
3305 -0.000104006
3306 -0.000102581
3307 -0.000100583
3308 -9.85859e-05
3309 -9.65883e-05
3310 -9.45907e-05
3311 -9.25932e-05
3312 -9.05956e-05
3313 -8.8598e-05
3314 -8.61484e-05
3315 -8.33973e-05
3316 -8.06462e-05
3317 -7.78951e-05
3318 -7.5144e-05
3319 -7.2393e-05
3320 -6.96419e-05
3321 -6.67738e-05
3322 -6.33724e-05
3323 -5.99711e-05
3324 -5.65697e-05
3325 -5.31684e-05
3326 -4.9767e-05
3327 -4.63657e-05
3328 -4.29643e-05
3329 -3.93932e-05
3330 -3.57713e-05
3331 -3.21494e-05
3332 -2.85276e-05
3333 -2.49057e-05
3334 -2.12839e-05
3335 -1.7662e-05
3336 -1.41896e-05
3337 -1.0983e-05
3338 -7.77639e-06
3339 -4.56978e-06
3340 -1.36317e-06
3341 1.84344e-06
3342 5.05006e-06
3343 8.25667e-06
3344 1.04124e-05
3345 1.25128e-05
3346 1.46132e-05
3347 1.67136e-05
3348 1.8814e-05
3349 2.09144e-05
3350 2.30148e-05
3351 2.42337e-05
3352 2.46708e-05
3353 2.51079e-05
3354 2.5545e-05
3355 2.59821e-05
3356 2.64192e-05
3357 2.68563e-05
3358 2.70553e-05
3359 2.55076e-05
3360 2.396e-05
3361 2.24124e-05
3362 2.08647e-05
3363 1.93171e-05
3364 1.77695e-05
3365 1.62218e-05
3366 1.32807e-05
3367 9.77046e-06
3368 6.26021e-06
3369 2.74995e-06
3370 -7.60308e-07
3371 -4.27056e-06
3372 -7.78082e-06
3373 -1.17617e-05
3374 -1.68405e-05
3375 -2.19193e-05
3376 -2.69982e-05
3377 -3.2077e-05
3378 -3.71559e-05
3379 -4.22347e-05
3380 -4.73135e-05
3381 -5.31597e-05
3382 -5.91104e-05
3383 -6.50611e-05
3384 -7.10119e-05
3385 -7.69626e-05
3386 -8.29134e-05
3387 -8.88641e-05
3388 -9.4775e-05
3389 -0.000100641
3390 -0.000106507
3391 -0.000112373
3392 -0.000118239
3393 -0.000124105
3394 -0.000129971
3395 -0.000135775
3396 -0.0001406
3397 -0.000145426
3398 -0.000150251
3399 -0.000155077
3400 -0.000159902
3401 -0.000164728
3402 -0.000169553
3403 -0.000173211
3404 -0.00017624
3405 -0.000179269
3406 -0.000182298
3407 -0.000185327
3408 -0.000188356
3409 -0.000191386
3410 -0.000193929
3411 -0.000194847
3412 -0.000195765
3413 -0.000196683
3414 -0.000197601
3415 -0.00019852
3416 -0.000199438
3417 -0.000200356
3418 -0.000199738
3419 -0.000198784
3420 -0.000197829
3421 -0.000196874
3422 -0.00019592
3423 -0.000194965
3424 -0.00019401
3425 -0.000192573
3426 -0.000190441
3427 -0.00018831
3428 -0.000186178
3429 -0.000184046
3430 -0.000181914
3431 -0.000179783
3432 -0.000177651
3433 -0.00017525
3434 -0.000172849
3435 -0.000170447
3436 -0.000168046
3437 -0.000165645
3438 -0.000163244
3439 -0.000160843
3440 -0.000158709
3441 -0.00015677
3442 -0.00015483
3443 -0.00015289
3444 -0.000150951
3445 -0.000149011
3446 -0.000147072
3447 -0.000145254
3448 -0.00014403
3449 -0.000142806
3450 -0.000141582
3451 -0.000140358
3452 -0.000139135
3453 -0.000137911
3454 -0.000136687
3455 -0.000135725
3456 -0.000134846
3457 -0.000133967
3458 -0.000133088
3459 -0.000132209
3460 -0.00013133
3461 -0.000130451
3462 -0.000129416
3463 -0.000128091
3464 -0.000126766
3465 -0.000125441
3466 -0.000124115
3467 -0.00012279
3468 -0.000121465
3469 -0.00012014
3470 -0.000117608
3471 -0.000114985
3472 -0.000112363
3473 -0.00010974
3474 -0.000107117
3475 -0.000104495
3476 -0.000101872
3477 -9.83577e-05
3478 -9.40206e-05
3479 -8.96835e-05
3480 -8.53464e-05
3481 -8.10093e-05
3482 -7.66721e-05
3483 -7.2335e-05
3484 -6.78449e-05
3485 -6.21168e-05
3486 -5.63888e-05
3487 -5.06607e-05
3488 -4.49326e-05
3489 -3.92046e-05
3490 -3.34765e-05
3491 -2.77484e-05
3492 -2.17966e-05
3493 -1.57489e-05
3494 -9.70119e-06
3495 -3.65348e-06
3496 2.39423e-06
3497 8.44194e-06
3498 1.44896e-05
3499 2.02195e-05
3500 2.51319e-05
3501 3.00443e-05
3502 3.49567e-05
3503 3.98691e-05
3504 4.47816e-05
3505 4.9694e-05
3506 5.46064e-05
3507 5.73857e-05
3508 5.98463e-05
3509 6.23069e-05
3510 6.47675e-05
3511 6.72281e-05
3512 6.96887e-05
3513 7.21493e-05
3514 7.32067e-05
3515 7.2617e-05
3516 7.20272e-05
3517 7.14375e-05
3518 7.08477e-05
3519 7.0258e-05
3520 6.96683e-05
3521 6.89469e-05
3522 6.57242e-05
3523 6.25016e-05
3524 5.92789e-05
3525 5.60563e-05
3526 5.28337e-05
3527 4.9611e-05
3528 4.63884e-05
3529 4.23431e-05
3530 3.78146e-05
3531 3.32861e-05
3532 2.87576e-05
3533 2.42292e-05
3534 1.97007e-05
3535 1.51722e-05
3536 1.0754e-05
3537 6.72691e-06
3538 2.69978e-06
3539 -1.32734e-06
3540 -5.35447e-06
3541 -9.3816e-06
3542 -1.34087e-05
3543 -1.74358e-05
3544 -1.97315e-05
3545 -2.16209e-05
3546 -2.35104e-05
3547 -2.53999e-05
3548 -2.72894e-05
3549 -2.91788e-05
3550 -3.10683e-05
3551 -3.17424e-05
3552 -3.05933e-05
3553 -2.94443e-05
3554 -2.82952e-05
3555 -2.71462e-05
3556 -2.59971e-05
3557 -2.4848e-05
3558 -2.3699e-05
3559 -1.96895e-05
3560 -1.56216e-05
3561 -1.15537e-05
3562 -7.48583e-06
3563 -3.41795e-06
3564 6.4993e-07
3565 4.71781e-06
3566 9.84508e-06
3567 1.57715e-05
3568 2.1698e-05
3569 2.76244e-05
3570 3.35509e-05
3571 3.94773e-05
3572 4.54038e-05
3573 5.13722e-05
3574 5.75612e-05
3575 6.37501e-05
3576 6.9939e-05
3577 7.6128e-05
3578 8.23169e-05
3579 8.85058e-05
3580 9.46948e-05
3581 9.98669e-05
3582 0.0001047
3583 0.000109533
3584 0.000114366
3585 0.000119199
3586 0.000124033
3587 0.000128866
3588 0.000132872
3589 0.000135199
3590 0.000137527
3591 0.000139854
3592 0.000142182
3593 0.000144509
3594 0.000146836
3595 0.000149164
3596 0.000148726
3597 0.000148048
3598 0.00014737
3599 0.000146692
3600 0.000146014
3601 0.000145335
3602 0.000144657
3603 0.000142531
3604 0.000139014
3605 0.000135497
3606 0.00013198
3607 0.000128463
3608 0.000124946
3609 0.000121428
3610 0.000117689
3611 0.000111946
3612 0.000106203
3613 0.00010046
3614 9.47167e-05
3615 8.89737e-05
3616 8.32307e-05
3617 7.74878e-05
3618 7.07626e-05
3619 6.35753e-05
3620 5.6388e-05
3621 4.92007e-05
3622 4.20134e-05
3623 3.48261e-05
3624 2.76387e-05
3625 2.02813e-05
3626 1.24641e-05
3627 4.64679e-06
3628 -3.17049e-06
3629 -1.09878e-05
3630 -1.8805e-05
3631 -2.66223e-05
3632 -3.44396e-05
3633 -4.21538e-05
3634 -4.98512e-05
3635 -5.75487e-05
3636 -6.52461e-05
3637 -7.29435e-05
3638 -8.0641e-05
3639 -8.83384e-05
3640 -9.56389e-05
3641 -0.000102454
3642 -0.00010927
3643 -0.000116085
3644 -0.0001229
3645 -0.000129716
3646 -0.000136531
3647 -0.000143296
3648 -0.000148439
3649 -0.000153581
3650 -0.000158723
3651 -0.000163865
3652 -0.000169007
3653 -0.00017415
3654 -0.000179292
3655 -0.000182845
3656 -0.000185424
3657 -0.000188004
3658 -0.000190583
3659 -0.000193162
3660 -0.000195741
3661 -0.00019832
3662 -0.000200189
3663 -0.000199385
3664 -0.00019858
3665 -0.000197776
3666 -0.000196971
3667 -0.000196167
3668 -0.000195362
3669 -0.000194558
3670 -0.000190643
3671 -0.000185902
3672 -0.000181161
3673 -0.00017642
3674 -0.000171679
3675 -0.000166938
3676 -0.000162197
3677 -0.000155947
3678 -0.000147235
3679 -0.000138524
3680 -0.000129813
3681 -0.000121101
3682 -0.00011239
3683 -0.000103679
3684 -9.49673e-05
3685 -8.30346e-05
3686 -7.10022e-05
3687 -5.89698e-05
3688 -4.69374e-05
3689 -3.4905e-05
3690 -2.28726e-05
3691 -1.08403e-05
3692 2.28917e-06
3693 1.62805e-05
3694 3.02719e-05
3695 4.42633e-05
3696 5.82547e-05
3697 7.2246e-05
3698 8.62374e-05
3699 0.000100249
3700 0.000114386
3701 0.000128524
3702 0.000142661
3703 0.000156798
3704 0.000170935
3705 0.000185073
3706 0.00019921
3707 0.000211971
3708 0.000224223
3709 0.000236476
3710 0.000248728
3711 0.00026098
3712 0.000273232
3713 0.000285484
3714 0.000296579
3715 0.000305212
3716 0.000313846
3717 0.000322479
3718 0.000331113
3719 0.000339746
3720 0.00034838
3721 0.000357013
3722 0.000361364
3723 0.000365291
3724 0.000369218
3725 0.000373145
3726 0.000377072
3727 0.000380999
3728 0.000384926
3729 0.000386468
3730 0.000385526
3731 0.000384585
3732 0.000383643
3733 0.000382701
3734 0.00038176
3735 0.000380818
3736 0.000379547
3737 0.000374481
3738 0.000369415
3739 0.00036435
3740 0.000359284
3741 0.000354218
3742 0.000349152
3743 0.000344087
3744 0.000337236
3745 0.000329506
3746 0.000321776
3747 0.000314046
3748 0.000306316
3749 0.000298586
3750 0.000290856
3751 0.000282903
3752 0.000274316
3753 0.000265729
3754 0.000257142
3755 0.000248555
3756 0.000239968
3757 0.000231381
3758 0.000222794
3759 0.000214879
3760 0.000207092
3761 0.000199306
3762 0.000191519
3763 0.000183732
3764 0.000175945
3765 0.000168158
3766 0.000161227
3767 0.000155431
3768 0.000149634
3769 0.000143837
3770 0.00013804
3771 0.000132244
3772 0.000126447
3773 0.000120699
3774 0.000117363
3775 0.000114027
3776 0.000110692
3777 0.000107356
3778 0.00010402
3779 0.000100684
3780 9.7348e-05
3781 9.53661e-05
3782 9.42497e-05
3783 9.31334e-05
3784 9.20171e-05
3785 9.09008e-05
3786 8.97845e-05
3787 8.86682e-05
3788 8.78303e-05
3789 8.8179e-05
3790 8.85277e-05
3791 8.88764e-05
3792 8.92251e-05
3793 8.95738e-05
3794 8.99226e-05
3795 9.02713e-05
3796 9.10221e-05
3797 9.18863e-05
3798 9.27506e-05
3799 9.36148e-05
3800 9.44791e-05
3801 9.53433e-05
3802 9.62075e-05
3803 9.69534e-05
3804 9.74976e-05
3805 9.80419e-05
3806 9.85862e-05
3807 9.91304e-05
3808 9.96747e-05
3809 0.000100219
3810 0.000100763
3811 0.000100508
3812 0.00010022
3813 9.99313e-05
3814 9.96429e-05
3815 9.93545e-05
3816 9.90661e-05
3817 9.87777e-05
3818 9.79606e-05
3819 9.66931e-05
3820 9.54256e-05
3821 9.41581e-05
3822 9.28907e-05
3823 9.16232e-05
3824 9.03557e-05
3825 8.89818e-05
3826 8.68957e-05
3827 8.48096e-05
3828 8.27235e-05
3829 8.06374e-05
3830 7.85513e-05
3831 7.64652e-05
3832 7.43791e-05
3833 7.19175e-05
3834 6.93098e-05
3835 6.67021e-05
3836 6.40944e-05
3837 6.14867e-05
3838 5.8879e-05
3839 5.62713e-05
3840 5.35974e-05
3841 5.07761e-05
3842 4.79548e-05
3843 4.51335e-05
3844 4.23122e-05
3845 3.94909e-05
3846 3.66696e-05
3847 3.38483e-05
3848 3.10412e-05
3849 2.82358e-05
3850 2.54304e-05
3851 2.2625e-05
3852 1.98196e-05
3853 1.70142e-05
3854 1.42088e-05
3855 1.1494e-05
3856 8.87743e-06
3857 6.26083e-06
3858 3.64423e-06
3859 1.02764e-06
3860 -1.58896e-06
3861 -4.20556e-06
3862 -6.79788e-06
3863 -9.06765e-06
3864 -1.13374e-05
3865 -1.36072e-05
3866 -1.5877e-05
3867 -1.81467e-05
3868 -2.04165e-05
3869 -2.26863e-05
3870 -2.461e-05
3871 -2.63554e-05
3872 -2.81008e-05
3873 -2.98462e-05
3874 -3.15916e-05
3875 -3.33371e-05
3876 -3.50825e-05
3877 -3.6661e-05
3878 -3.77113e-05
3879 -3.87615e-05
3880 -3.98117e-05
3881 -4.08619e-05
3882 -4.19121e-05
3883 -4.29623e-05
3884 -4.40125e-05
3885 -4.44009e-05
3886 -4.46538e-05
3887 -4.49067e-05
3888 -4.51596e-05
3889 -4.54125e-05
3890 -4.56654e-05
3891 -4.59183e-05
3892 -4.58637e-05
3893 -4.53843e-05
3894 -4.4905e-05
3895 -4.44256e-05
3896 -4.39463e-05
3897 -4.34669e-05
3898 -4.29876e-05
3899 -4.25035e-05
3900 -4.15585e-05
3901 -4.06135e-05
3902 -3.96685e-05
3903 -3.87235e-05
3904 -3.77785e-05
3905 -3.68335e-05
3906 -3.58885e-05
3907 -3.49195e-05
3908 -3.3934e-05
3909 -3.29484e-05
3910 -3.19628e-05
3911 -3.09773e-05
3912 -2.99917e-05
3913 -2.90062e-05
3914 -2.8094e-05
3915 -2.75163e-05
3916 -2.69385e-05
3917 -2.63608e-05
3918 -2.57831e-05
3919 -2.52053e-05
3920 -2.46276e-05
3921 -2.40499e-05
3922 -2.4018e-05
3923 -2.41492e-05
3924 -2.42804e-05
3925 -2.44115e-05
3926 -2.45427e-05
3927 -2.46739e-05
3928 -2.4805e-05
3929 -2.52025e-05
3930 -2.60734e-05
3931 -2.69443e-05
3932 -2.78152e-05
3933 -2.86861e-05
3934 -2.9557e-05
3935 -3.04279e-05
3936 -3.12987e-05
3937 -3.26156e-05
3938 -3.3961e-05
3939 -3.53063e-05
3940 -3.66517e-05
3941 -3.7997e-05
3942 -3.93423e-05
3943 -4.06877e-05
3944 -4.20414e-05
3945 -4.34025e-05
3946 -4.47637e-05
3947 -4.61248e-05
3948 -4.74859e-05
3949 -4.88471e-05
3950 -5.02082e-05
3951 -5.15152e-05
3952 -5.24253e-05
3953 -5.33355e-05
3954 -5.42456e-05
3955 -5.51557e-05
3956 -5.60658e-05
3957 -5.69759e-05
3958 -5.78861e-05
3959 -5.82824e-05
3960 -5.8469e-05
3961 -5.86555e-05
3962 -5.8842e-05
3963 -5.90285e-05
3964 -5.9215e-05
3965 -5.94016e-05
3966 -5.93835e-05
3967 -5.88646e-05
3968 -5.83457e-05
3969 -5.78268e-05
3970 -5.73079e-05
3971 -5.67891e-05
3972 -5.62702e-05
3973 -5.57513e-05
3974 -5.48645e-05
3975 -5.39275e-05
3976 -5.29905e-05
3977 -5.20535e-05
3978 -5.11166e-05
3979 -5.01796e-05
3980 -4.92426e-05
3981 -4.83109e-05
3982 -4.73851e-05
3983 -4.64593e-05
3984 -4.55336e-05
3985 -4.46078e-05
3986 -4.3682e-05
3987 -4.27562e-05
3988 -4.18305e-05
3989 -4.09047e-05
3990 -3.99789e-05
3991 -3.90531e-05
3992 -3.81273e-05
3993 -3.72016e-05
3994 -3.62758e-05
3995 -3.535e-05
3996 -3.44242e-05
3997 -3.34985e-05
3998 -3.25727e-05
3999 -3.16469e-05
4000 -3.07211e-05
