3280 3021
3106 2791
3443 3224
2877 2442
3287 3006
2857 2296
2875 2405
3033 2631
3094 2719
3833 3677
3831 3675
3773 3616
3874 3719
3853 3697
3826 3666
3776 3600
3486 3219
3394 3133
3518 3303
3670 3490
3806 3648
3841 3681
3879 3720
3860 3703
3052 2666
3062 2695
3107 2762
3144 2815
2801 2297
3111 2762
3393 3145
3633 3441
3672 3487
2953 2532
2982 2564
2883 2429
2955 2551
3042 2653
3139 2813
3324 3045
3405 3142
2932 2492
3060 2678
3445 3207
3157 2832
3151 2819
3209 2906
3836 3682
3672 3485
3714 3540
3762 3597
3175 2837
3373 3106
3524 3303
3629 3432
3638 3439
3548 3331
3545 3329
3575 3365
3837 3682
3780 3621
2837 2316
2866 2361
2999 2608
3155 2794
3338 3039
3714 3538
3697 3519
3722 3550
3724 3556
3057 2650
3745 3579
3270 2968
3737 3572
3170 2838
3893 3732
3888 3728
3888 3729
3890 3731
3883 3723
3848 3690
3849 3692
3849 3691
3854 3697
3796 3633
3843 3686
3824 3662
