300.0000
321.5166
329.9581
327.2640
303.0595
296.2950
312.1742
333.9453
332.9048
329.4183
324.7350
344.9740
340.4942
336.0377
308.0983
319.5996
319.0901
336.2356
329.0677
337.7755
334.7698
350.9303
348.0037
342.9193
331.3659
327.0864
328.9117
330.7176
335.8260
333.7507
343.2206
343.9432
347.3084
338.8841
336.2819
331.0554
335.5439
332.5107
333.4251
333.4780
338.1400
340.1878
331.6566
334.3971
333.4857
346.2964
348.7521
350.1977
348.5514
343.5353
351.2995
345.2102
342.2671
336.2890
339.1940
332.3449
331.7553
325.2388
330.6941
328.6472
337.3605
332.5182
335.9283
330.9359
332.5645
332.7858
327.7990
327.7051
321.1491
326.2119
327.3050
328.6189
322.8561
329.7683
330.9354
337.9461
326.6102
322.0866
322.0440
321.0434
314.6189
318.4208
316.9678
327.0200
325.9902
322.9754
319.3286
325.2442
326.0899
318.4115
313.9600
316.6902
320.1827
327.3179
318.4549
319.9663
324.4505
332.6972
328.1490
321.8470
328.0922
324.3652
336.2818
326.4407
331.5223
322.9027
335.0034
324.1554
318.8067
315.7671
329.4446
329.7354
337.5652
320.1717
331.8884
325.6854
343.9163
328.0383
337.5577
331.0938
344.5266
338.1035
337.4017
331.2160
331.3805
346.5733
343.4313
342.8509
333.8903
339.2686
338.0269
336.6088
329.0269
337.1511
340.9910
346.9900
347.0390
335.6540
337.9671
339.3434
356.4581
342.2256
345.5938
338.5799
359.1538
346.6772
343.2250
325.5549
337.6760
336.1629
336.0538
322.8883
322.3131
339.6006
340.5068
339.9605
329.0283
343.7632
349.0621
353.0153
338.8886
333.7176
331.4772
330.7693
335.6045
332.6471
334.4450
341.8812
342.2843
346.4555
335.6516
341.7041
330.3034
337.2947
328.9736
333.3681
334.2977
339.7206
343.3774
344.3648
332.5403
338.1811
335.1317
347.4134
339.2482
332.8689
319.9263
331.0843
321.8712
331.0921
323.9594
336.8840
334.7102
346.4417
330.9244
334.8634
327.3014
325.4493
327.6740
325.5806
334.9523
328.3301
333.5528
326.9188
337.2033
331.7908
338.6284
327.9465
335.2207
326.7853
329.8953
320.8765
324.8850
335.5516
329.1303
332.6581
321.1724
325.2462
323.2361
328.0404
327.4249
331.2522
335.2743
342.4586
338.3375
342.1026
325.8594
330.3596
322.2032
338.3598
329.1826
339.3359
325.1897
336.0322
321.9136
327.5037
315.9309
323.8088
319.9618
327.4644
330.0211
335.1729
341.4318
334.8516
334.9085
331.9773
332.3542
335.6600
333.5334
330.1936
328.1396
331.4404
343.2695
332.0065
338.8319
321.7179
342.5867
327.7031
331.5061
317.5005
329.9653
339.5128
344.9121
339.1753
338.1785
342.1618
341.2596
340.1669
324.6941
325.5138
325.7734
336.0400
337.8736
338.0223
343.4631
343.4873
349.6496
335.1343
340.1559
323.5341
339.7899
329.2852
339.6393
331.0369
334.6522
330.3668
333.4721
334.1653
332.5838
329.5103
335.5447
333.4771
338.7870
332.1786
333.7189
337.8739
336.9942
337.4726
326.3576
337.0602
331.6562
333.9499
321.9012
329.1792
332.8826
330.7284
331.2455
323.5179
330.9882
331.8082
328.1218
326.4849
320.3337
333.3736
324.6625
334.0878
320.4086
329.8141
328.3111
329.1020
324.4733
321.7332
324.6629
328.4262
325.0256
331.0574
328.9636
333.2915
320.6585
327.7180
314.9335
324.1620
316.0044
330.5945
328.8857
335.2087
326.4462
326.4068
332.7300
321.5705
324.7660
317.3012
324.5558
324.2831
322.2295
321.7941
321.8137
328.3114
321.2991
329.3451
327.3516
344.7333
330.4249
329.4038
325.8085
333.9847
328.7131
328.7024
327.0993
334.2028
340.8136
339.4551
328.7249
330.9377
329.9392
347.7367
343.5946
344.3166
343.5922
345.3672
337.2287
327.6040
316.1891
321.7995
325.1345
330.2373
338.0156
335.1564
346.2792
340.1481
346.8942
331.4424
336.3638
338.5277
342.5703
338.1315
337.0415
337.4493
342.2169
340.6808
340.9038
341.8293
341.7575
357.6903
346.4369
353.3664
334.7064
340.2809
332.7236
331.2164
324.2941
322.1363
320.0074
329.1199
328.1527
327.0504
327.7226
336.3188
335.9550
345.0858
323.5000
336.0083
326.5978
351.1478
338.1039
340.8029
341.0323
349.7831
351.2231
339.5083
330.6559
327.1404
332.2561
330.3218
327.9333
333.6968
349.0216
353.7899
349.9125
338.0616
332.8657
327.0772
336.2355
323.4012
327.0316
325.9522
344.4262
341.2865
335.7431
333.0785
334.5217
337.0217
329.2488
321.2253
324.0720
326.6564
334.3578
326.9739
330.6034
332.8301
336.3875
341.1335
338.8726
335.0158
336.1743
333.0124
330.6743
318.9015
320.4206
327.0813
330.7186
332.6089
325.1357
331.4972
331.9119
334.4538
333.3951
334.1269
333.1811
339.5818
330.7542
331.1954
319.9155
328.0428
326.7055
334.0129
320.5116
329.0530
328.3520
335.4643
331.1932
325.2827
330.2432
329.7159
341.2506
336.6862
340.5831
339.6017
342.4506
344.5024
330.1565
335.8257
320.1434
330.2678
324.9743
321.9450
317.0478
321.4178
326.8328
338.2128
339.8833
343.0567
339.9850
348.5666
342.8488
349.6343
341.8170
352.0849
353.6846
362.5593
353.5440
353.0277
346.8088
359.3179
356.5646
350.0291
349.9556
355.0679
356.1164
342.3186
340.4691
332.8328
349.8082
345.8561
354.8238
345.5859
349.1203
349.6632
342.8073
337.9886
331.7086
335.1288
340.9551
348.5618
335.2798
339.8078
339.0948
341.7783
339.1003
330.9604
340.3598
338.1449
347.6874
335.2497
339.8176
333.9160
346.8358
340.1703
340.4051
334.5143
340.3442
335.7823
331.0592
318.6452
327.4923
332.3072
344.7283
343.1303
343.5051
343.1241
344.8284
335.0751
324.9965
330.4771
318.0073
336.4203
324.7963
336.3885
331.4172
337.3900
339.2561
330.4583
341.3977
336.6100
335.2500
327.8212
324.3853
317.9375
317.1550
320.0696
326.9158
333.8017
339.6966
333.8724
332.9527
329.3832
334.9535
331.8160
329.0359
334.4236
336.7922
349.3089
336.4377
338.5080
334.4005
343.7779
327.9894
331.3939
321.1537
329.1426
319.1264
323.9357
320.9021
326.5136
329.0704
331.5497
331.8563
330.6660
331.4443
336.2815
334.8078
333.3358
331.6204
336.3909
337.2138
332.6346
329.3537
320.1568
335.5796
329.9749
337.8297
321.7119
332.8594
334.9985
339.0955
332.7509
327.8122
338.3340
344.2238
346.1843
334.6880
336.3344
338.7936
341.8204
332.9758
324.2150
324.9694
329.7048
336.1472
330.7806
328.2684
330.7452
337.9355
343.3314
338.6445
335.6943
337.4255
345.7896
346.1855
337.4662
340.0067
330.1063
337.0883
328.7656
332.7025
333.5310
334.9247
347.5172
346.9605
349.1476
345.6844
343.9120
340.8402
332.1686
337.2493
342.0592
350.8585
352.6405
349.0762
348.9551
340.2235
343.5420
327.7774
338.4301
327.3469
341.7170
328.6876
345.1474
329.3053
345.5015
332.2510
350.3524
338.2549
346.6291
335.8855
337.4643
334.2252
334.8475
339.0297
342.1137
345.1066
340.5217
331.5754
337.8604
336.0689
341.4636
342.4685
337.1698
337.7086
336.4652
335.5702
329.6354
330.5566
328.9448
333.7459
333.8183
337.7629
336.4448
329.9180
335.4667
329.7422
334.1261
323.3018
328.2399
325.1121
329.2817
326.3035
323.5496
317.0786
321.9225
328.3551
332.6910
339.2687
336.9960
343.0640
339.9323
346.8358
328.3470
336.9911
323.1974
335.2615
319.3110
331.5314
329.6845
334.2231
337.6956
325.6952
344.8003
339.3834
350.1673
329.9603
331.6702
334.2142
326.4640
334.0788
322.1069
339.8317
339.6300
342.9628
334.1028
334.1518
325.8515
336.8321
327.1084
332.7605
324.6038
336.8137
327.2670
332.3787
327.2110
334.3087
336.3119
335.5312
336.2773
337.5034
342.1096
345.8657
341.7584
329.6047
336.7179
333.4867
343.2283
334.2413
331.3357
342.3376
336.2654
338.7423
328.5149
328.6751
334.4532
334.7068
338.4495
335.1180
337.7989
339.1152
339.2708
339.8853
344.4245
338.8995
340.7301
333.0509
334.9799
327.1635
333.9054
326.9296
333.4923
337.9156
337.5527
332.7861
321.1812
326.0563
321.1936
333.0169
324.4899
330.9989
335.6246
333.4531
331.9903
318.4874
324.2054
323.7957
334.2518
328.5566
334.6886
331.2989
341.3508
335.8408
341.0731
341.0620
340.9373
341.1215
337.3617
333.5490
332.3260
327.6851
329.5261
330.5104
339.7076
345.8521
345.2931
350.4074
345.8882
352.3068
344.4349
345.6872
343.5062
340.5882
340.3258
335.1471
337.6603
335.2784
330.1226
333.8437
338.0784
349.3662
344.7722
347.7499
336.2531
338.4210
331.2766
333.8204
327.4067
331.0281
333.8081
337.1484
334.4829
333.4410
330.6922
335.9741
338.0258
342.0862
329.3038
323.4595
320.8597
334.1943
336.7632
331.3568
332.2293
336.7186
342.7997
332.1227
335.0620
335.0228
343.7052
343.0163
339.7291
331.5621
333.9181
336.4692
340.4109
329.6068
333.8867
333.2667
345.5642
340.0796
338.4480
337.3443
337.4897
348.9474
335.4368
337.9215
326.3921
342.7587
338.5138
340.3707
335.9187
344.2291
352.1842
352.9497
338.8250
346.0325
340.5711
351.5003
337.3225
341.4788
340.0062
353.2943
344.5144
347.4642
339.6444
349.7238
350.9174
356.5274
352.6959
356.7227
355.6374
353.8651
344.7839
341.4452
336.4219
338.4782
341.0376
343.6968
339.4054
340.4913
334.9872
344.6063
343.0846
353.5927
344.1492
352.2346
344.1656
351.5128
335.8655
331.0082
324.1934
334.5253
339.9288
338.8920
333.3791
335.3610
335.3776
346.6995
342.6106
344.0496
339.3421
342.2946
339.0583
332.2809
322.4701
318.7695
329.0743
332.3888
333.8077
329.0554
338.6671
336.9600
346.4483
333.1295
339.0010
335.2021
343.1153
340.6379
332.4960
337.3421
334.8151
339.6813
335.7213
335.2912
338.1002
348.3997
344.8291
345.3823
341.8976
343.1739
348.3309
346.8678
349.9213
333.3521
340.9360
342.7595
347.1981
337.1510
346.5929
342.0707
353.0080
346.1989
349.8250
344.9804
345.0835
350.8413
347.5996
344.8690
338.6518
344.2862
337.5493
336.9541
336.7621
341.2119
341.3935
342.6381
339.8586
338.8863
339.6063
340.0092
340.0757
346.7699
336.1677
336.7307
325.2668
334.5142
329.4272
334.2405
331.9152
341.7338
348.8375
350.7093
343.8263
333.9916
333.9310
334.2635
333.4039
327.7119
325.3797
337.0342
326.9759
338.0424
319.3930
333.8567
333.0450
342.4998
338.2051
326.5197
331.6703
323.7011
330.6930
322.1304
322.8810
324.2042
323.8957
334.6635
324.8511
335.8242
334.4972
348.5849
335.3884
335.4171
324.6297
325.5786
322.8657
316.6849
321.1625
322.2207
335.9649
334.3765
338.3455
334.2884
338.0799
335.2131
337.5218
335.2241
333.7797
337.2915
335.6662
332.9931
332.4239
335.2192
342.6938
337.2484
342.2169
341.7522
346.5773
345.0831
346.7694
351.0367
347.2548
353.2789
337.5089
346.7036
339.8755
350.0401
349.2085
347.8634
348.5935
344.8355
343.8817
342.4564
347.5231
351.1389
348.3948
344.6334
345.3782
345.5282
345.8266
345.2392
342.2646
348.0815
342.3646
344.8054
346.4422
349.7186
345.6496
354.0994
351.6063
350.6397
346.6305
350.2615
352.8734
358.8638
355.8491
352.9634
347.6425
342.3919
346.6169
340.3742
342.1994
341.3534
339.6958
344.8943
340.1490
342.2507
340.1265
333.9369
334.3254
338.7217
341.4164
342.9022
348.2592
337.0130
349.2807
333.9268
345.5257
330.4136
345.1641
341.1991
343.6532
345.8031
339.5814
341.5351
333.4258
334.8270
324.9012
335.2785
335.7818
341.0305
338.0823
343.4512
337.2279
342.2511
331.8765
332.9410
331.3940
340.1851
333.5771
336.0731
331.6738
345.2506
346.5594
349.9137
337.2013
335.2612
329.1096
322.5289
330.3029
317.9633
333.5777
328.6285
348.4327
338.0024
342.6193
333.0035
341.6680
349.0303
344.8213
349.6268
341.8709
353.2963
339.4067
341.1229
331.0340
337.8803
335.8784
344.3276
344.4664
338.2152
344.5933
337.7552
344.4489
336.4962
336.7560
338.0537
342.0895
341.5071
340.6053
329.8513
335.8624
335.5101
332.1187
321.4615
324.0051
335.9604
336.1502
336.8134
321.2663
325.5481
327.6146
335.4355
330.9335
333.5302
336.0207
348.8367
338.4322
336.8306
318.3328
327.1960
316.0723
336.4592
317.5159
336.8584
324.6989
339.7514
327.1078
331.7925
316.8328
329.4855
324.1990
328.2386
324.5386
322.5352
327.9633
327.7293
331.1284
335.3595
341.1865
343.0742
340.5628
333.5853
333.0905
327.1483
331.3257
329.5847
338.4149
341.6515
348.1489
342.9653
340.8454
339.0900
334.5563
334.8590
326.4855
332.6316
328.9438
340.9043
337.1292
341.2323
341.9794
341.5745
342.5563
327.6013
334.2644
329.3079
334.4419
333.6549
338.0794
347.8277
346.7989
348.5591
342.5182
349.0610
344.7238
338.7565
333.1722
331.7623
336.3683
333.8459
339.8650
336.0473
346.6058
343.6768
347.3732
343.1108
341.5758
343.3179
332.2614
337.9862
331.4273
341.7869
338.1634
349.6208
343.3751
348.3889
341.8794
332.8329
330.5938
324.7831
338.9774
334.0992
345.9047
337.5885
343.4364
341.8325
342.8083
343.7090
341.8122
343.9422
339.7129
346.1757
338.8170
334.0899
331.0761
328.2816
331.1210
327.9006
331.4708
332.4442
344.1418
347.7106
348.4245
342.8939
341.5524
339.9715
344.8939
348.9014
342.6127
348.2406
341.5051
347.2282
338.3095
340.5243
341.1484
339.4660
349.3030
347.0966
346.9984
336.8497
333.5153
334.5713
336.3349
340.7559
336.0214
339.6021
341.0871
339.8524
340.3298
339.7642
342.5801
342.1971
350.2589
349.4973
350.7886
349.6091
355.5658
352.7539
353.4069
345.9866
349.5568
345.1055
346.4563
338.2135
332.5420
349.2008
345.8380
356.2394
336.8594
339.7503
333.8378
335.6507
334.1596
337.2950
333.6049
344.0642
340.1128
341.2462
338.5634
331.6104
336.3717
340.3994
345.1482
342.0861
338.9697
341.1223
340.1470
342.0020
339.3581
330.2726
339.7897
337.4804
343.0712
324.4229
330.1956
320.0360
338.0043
331.5842
335.9241
338.3693
344.1507
348.4870
344.1333
342.6650
338.6249
334.4378
343.0782
328.2596
329.9458
329.6579
335.2902
345.3224
342.7688
346.9687
345.8267
346.5457
339.4451
337.5829
329.8406
334.9335
331.0088
335.3520
339.8065
344.7718
355.7142
341.3706
353.0896
339.4622
346.8506
329.5382
340.1779
330.9007
349.9825
338.3979
346.4363
335.9745
348.6798
345.5405
350.9878
341.4281
339.8168
334.4978
343.1295
340.8739
340.8910
332.8164
343.5103
342.5658
346.9786
336.1358
336.2322
331.1115
343.2925
340.2806
335.4888
335.7326
340.3008
348.5236
352.3270
342.5689
344.7719
331.9196
342.1771
324.8159
329.2848
319.3355
343.9263
336.0916
350.7334
339.2109
350.2845
342.9449
331.2027
333.0348
322.0632
334.3039
326.6381
334.7878
327.4924
334.3338
326.6711
331.6924
324.2317
339.0293
335.2483
347.9903
342.2453
340.6565
330.3359
326.7419
329.4091
324.5054
323.1021
319.2155
330.5185
334.7701
345.3369
336.2215
340.0125
338.7402
338.0498
333.3713
315.2706
320.6746
327.1647
338.6700
338.4200
329.9212
342.8304
346.0685
360.5770
349.7255
351.9729
347.4647
349.7781
338.5537
325.6966
331.2015
334.2318
341.7564
339.4810
337.4698
347.7671
340.6065
341.5880
332.6825
345.2420
349.1171
350.1127
348.0800
339.3213
354.6022
349.6831
349.5309
340.7074
343.9118
343.4778
350.4812
346.2661
352.0014
348.0634
360.1752
350.2675
350.9902
340.7267
350.9933
339.9863
348.9626
341.4282
356.8686
351.5980
352.5721
352.2671
347.0617
349.4347
344.7302
341.7625
339.8548
340.3575
342.4039
334.6995
342.7389
338.3012
341.4006
345.6742
351.0964
351.8648
349.3151
345.1255
345.0126
343.2783
338.4161
332.0548
332.7950
337.1544
344.3578
345.5429
340.1942
336.2573
347.6405
341.4566
345.9969
336.7551
340.8091
341.7463
340.3766
332.5210
338.7077
327.8939
343.5695
331.7441
342.4642
339.5312
348.0360
341.4400
333.1010
337.0623
327.2568
333.7457
328.9895
334.4821
341.8325
340.3132
347.3790
334.0717
332.9604
333.9150
327.1404
332.2275
325.4941
331.6973
333.3273
345.7131
337.5227
336.9193
333.6569
340.4885
334.7573
335.8020
324.3748
326.1149
332.4190
334.1393
341.0089
340.0601
341.8643
353.1423
349.4251
347.7052
340.8525
338.6126
349.4819
352.6017
347.3846
350.2544
350.0405
359.0263
343.8148
337.3435
337.0877
338.3687
348.1455
337.0389
350.3517
343.9197
353.8438
347.5111
344.5733
341.7207
339.7405
338.3940
329.9484
333.9011
342.4491
344.5926
347.3555
344.6686
342.5427
340.1273
329.6557
323.9158
328.7996
332.4737
346.0482
347.3546
351.0159
352.4777
353.0707
350.5434
345.3325
341.3014
343.5524
350.5178
345.6961
346.1171
335.7857
349.3642
344.1795
343.9728
335.8172
334.0855
336.6874
338.8117
331.7075
324.8249
323.0884
331.2562
335.0018
328.0044
329.6241
335.0880
343.4988
337.2055
337.7296
329.9174
342.6336
336.0950
339.1032
340.0744
337.8505
344.0784
333.3048
342.2218
333.2613
345.9922
339.1399
350.1916
342.2921
344.1014
340.3816
342.7034
343.1618
339.4596
340.5158
340.8282
349.9941
337.5675
347.0328
336.0177
351.3018
333.3648
338.0914
334.3186
341.6534
344.8690
343.9282
342.6363
339.3167
339.2605
351.0758
330.3539
349.0856
331.5416
348.7607
327.8278
330.1980
320.9205
328.5818
336.4161
329.5096
341.3085
337.3504
350.5949
337.8980
340.6101
337.3015
337.6503
340.2444
329.3953
336.6065
332.8537
348.0404
338.3098
352.7776
349.0556
347.8833
345.7901
346.2529
342.6532
342.2081
332.5718
339.4117
337.5601
339.7640
340.4597
342.9078
347.6626
342.5605
349.8667
336.6203
347.0646
338.3908
352.0212
339.2948
348.8758
341.0350
354.6000
339.3332
346.4866
329.8757
341.7277
337.7893
342.7309
335.7820
337.5374
340.4535
343.2387
339.9622
341.1106
342.4525
343.6566
343.3224
340.3848
338.7349
344.0820
343.4345
348.6545
342.2587
338.6951
340.5115
340.1233
344.5467
341.1077
346.2890
348.0776
349.8604
353.4145
341.6280
343.7979
332.2717
343.3100
342.6852
350.6132
350.5425
354.8390
358.2019
356.5845
345.3501
342.6626
341.2917
346.1200
343.7187
342.5744
335.8973
345.0762
331.5952
345.3584
328.6077
338.6264
328.0051
335.9686
340.6384
338.9757
344.4056
342.2592
343.5032
346.8954
345.3116
343.2360
341.0029
340.0402
344.1976
344.8596
340.9616
338.1976
351.4294
350.2375
362.6442
340.8634
355.2018
340.3923
347.4420
335.6000
335.0779
339.2676
344.5568
345.1363
331.1607
334.1274
339.2101
354.0051
347.7428
351.6187
346.2735
355.0750
354.3518
340.3236
338.6135
333.2575
351.8312
345.9405
341.5752
336.4237
339.7278
353.7897
340.8050
335.3849
325.4928
343.4021
330.3628
343.5585
331.7001
354.4219
347.3898
356.1305
334.1169
341.3185
338.6817
347.5026
335.9665
338.2787
328.9599
336.3016
325.0863
327.3759
327.2450
333.6140
336.2846
332.8380
328.8936
330.1911
331.3261
336.4661
338.4233
339.2618
345.5712
346.9555
343.2664
339.5997
329.9050
335.2460
332.8591
331.0787
338.0229
333.1822
340.2045
334.6340
332.2825
327.3675
334.0714
339.3283
335.9031
332.3964
334.9362
335.8132
337.7137
332.8757
338.6837
339.9888
345.5605
344.1465
345.4681
335.6778
338.4469
343.1206
341.3081
347.3652
348.1025
363.3576
362.7192
357.4412
334.2356
337.8503
340.4017
349.4815
339.1614
337.4575
335.9564
354.3433
341.4642
350.2268
332.4066
353.3272
348.3212
352.1793
330.8028
329.1355
340.9119
343.2045
344.0508
338.7179
338.4789
349.3854
343.5687
345.2818
319.1065
342.9612
325.3590
349.2537
324.7344
344.9825
345.7751
357.6149
353.1912
336.7432
350.6403
338.0108
346.4070
331.9979
334.1807
338.2786
337.9835
342.0195
339.0350
344.1723
343.6958
347.6661
339.4833
343.3905
341.9478
347.0319
342.4317
346.2408
332.2280
334.3318
342.4449
350.4905
347.1777
343.9009
355.7677
349.4218
352.3644
333.8888
343.2209
340.7011
355.7448
341.1585
346.2266
337.5592
347.8500
341.9202
344.8371
339.2563
345.7188
341.6571
350.1647
329.4984
332.8217
324.9467
340.1776
335.4672
348.5806
338.4957
349.2997
346.2068
348.0570
344.2265
346.0071
345.0534
343.8471
344.1694
339.4884
334.5995
339.9158
342.8806
345.9445
339.8163
342.0039
335.1282
342.7466
333.0929
337.0957
332.3104
333.1377
336.5738
332.6526
338.1864
339.6107
346.9388
347.0881
340.2771
345.1115
332.1393
338.7362
329.3703
339.9823
339.4077
348.0612
344.3322
349.0299
334.8848
344.0083
335.5692
347.6365
340.6174
351.2144
342.8338
336.8257
333.2189
334.1730
339.6571
333.7055
342.0685
